# time TCR TCR_LOW TCR_HIGH CD28 TGFBETA IL2 IL2R AP1 FOS FOS_D FOS_DD FOS_DDD JUN ERK MEK2 TAK1 MKK7 JNK RAF RAS CA NFAT PKCTHETA NFKAPPAB PI3K_LOW PI3K_HIGH PI3K PIP3_LOW PIP3_HIGH PIP3 PTEN PDK1 AKT MTORC1 MTORC2 MTOR MTORC1_D MTORC2_D MTORC2_DD MTOR_D MTOR_DD MTOR_DDD MTOR_DDDD RHEB TSC S6K1 PS6 SMAD3 JAK3 STAT5 STAT5_D STAT5_DD STAT5_DDD FOXP3 CD25 CD122 CD132 IL2_EX AKT_OFF MTORC1_OFF NFAT_OFF
0  0 0 1 1 0 0 0 0 0 0 0 0 0 0 0 0 0 0 0 0 0 0 0 0 0 0 0 0 0 0 1 0 0 0 0 0 0 0 0 0 0 0 0 0 1 0 0 0 0 0 0 0 0 0 0 1 1 0 0 0 0
1  1 0 1 1 0 0 0 0 0 0 0 0 0 0 0 0 0 0 0 0 0 0 1 0 0 1 1 0 0 0 0 0 0 0 0 0 0 0 0 0 0 0 0 0 1 0 0 0 0 0 0 0 0 0 0 1 1 0 0 0 0
2  1 0 1 1 0 0 0 0 0 0 0 0 0 0 0 1 1 1 0 1 1 1 1 1 0 1 1 0 1 1 0 0 0 0 1 0 0 0 0 0 0 0 0 0 1 0 0 0 0 0 0 0 0 0 0 1 1 0 0 0 0
3  1 0 1 1 0 0 0 0 0 0 0 0 1 0 0 1 1 1 1 1 1 1 1 1 0 1 1 0 1 1 0 1 1 0 1 0 0 1 0 0 0 0 0 0 1 0 0 0 0 0 0 0 0 0 0 1 1 0 0 0 0
4  1 0 1 1 0 0 0 0 1 1 0 0 1 1 1 1 1 1 1 1 1 1 1 1 0 1 1 0 1 1 0 1 1 0 1 0 0 1 0 0 0 0 0 0 0 0 0 0 0 0 0 0 0 0 0 1 1 0 0 0 0
5  1 0 1 1 0 0 0 1 1 1 1 0 1 1 1 1 1 1 1 1 1 1 1 1 0 1 1 0 1 1 0 1 1 0 1 0 0 1 0 0 0 0 0 1 0 0 0 0 0 0 0 0 0 0 0 1 1 0 0 0 0
6  1 0 1 1 0 1 1 1 1 1 1 0 1 1 1 1 1 1 1 1 1 1 1 1 0 1 1 0 1 1 0 1 1 1 1 0 1 1 0 0 0 0 0 1 0 1 0 0 1 0 0 0 0 0 1 1 1 1 0 0 0
7  1 0 1 1 0 1 1 1 1 1 1 0 1 1 1 1 1 1 1 1 1 1 1 1 0 1 1 0 1 1 0 1 1 1 1 1 1 1 0 0 0 0 0 1 0 1 1 0 1 1 0 0 0 0 1 1 1 1 0 0 0
8  1 0 1 1 0 1 1 1 1 1 1 0 1 1 1 1 1 1 1 1 1 1 1 1 0 1 1 0 1 1 0 1 1 1 1 1 1 1 0 1 1 0 0 1 0 1 1 0 1 1 1 0 0 1 1 1 1 1 0 0 0
9  1 0 1 1 0 0 1 1 1 1 1 0 1 1 1 1 1 1 1 1 1 1 1 1 0 1 1 0 1 1 0 1 1 1 1 1 1 1 0 1 1 0 0 1 0 1 1 0 1 1 1 0 0 0 1 1 1 1 0 0 0
10  1 0 1 1 0 1 1 1 1 1 1 0 1 1 1 1 1 1 1 1 1 1 1 1 0 1 1 0 1 1 0 1 1 1 1 1 1 1 0 1 1 0 0 1 0 1 1 0 1 1 1 0 0 0 1 1 1 1 0 0 0
11  1 0 1 1 0 1 1 1 1 1 1 0 1 1 1 1 1 1 1 1 1 1 1 1 0 1 1 0 1 1 0 1 1 1 1 1 1 1 0 1 1 0 0 1 0 1 1 0 1 1 1 0 0 0 1 1 1 1 0 0 0
12  1 0 1 1 0 1 1 1 1 1 1 0 1 1 1 1 1 1 1 1 1 1 1 1 0 1 1 0 1 1 0 1 1 1 1 1 1 1 0 1 1 0 0 1 0 1 1 0 1 1 1 0 0 0 1 1 1 1 0 0 0
13  1 0 1 1 0 1 1 1 1 1 1 0 1 1 1 1 1 1 1 1 1 1 1 1 0 1 1 0 1 1 0 1 1 1 1 1 1 1 0 1 1 0 0 1 0 1 1 0 1 1 1 0 0 0 1 1 1 1 0 0 0
14  1 0 1 1 0 1 1 1 1 1 1 0 1 1 1 1 1 1 1 1 1 1 1 1 0 1 1 0 1 1 0 1 1 1 1 1 1 1 0 1 1 0 0 1 0 1 1 0 1 1 1 0 0 0 1 1 1 1 0 0 0
15  1 0 1 1 0 1 1 1 1 1 1 0 1 1 1 1 1 1 1 1 1 1 1 1 0 1 1 0 1 1 0 1 1 1 1 1 1 1 0 1 1 0 0 1 0 1 1 0 1 1 1 0 0 0 1 1 1 1 0 0 0
16  1 0 1 1 0 1 1 1 1 1 1 0 1 1 1 1 1 1 1 1 1 1 1 1 0 1 1 0 1 1 0 1 1 1 1 1 1 1 0 1 1 0 0 1 0 1 1 0 1 1 1 0 0 0 1 1 1 1 0 0 0
17  1 0 1 1 0 1 1 1 1 1 1 0 1 1 1 1 1 1 1 1 1 1 1 1 0 1 1 0 1 1 0 1 1 1 1 1 1 1 0 1 1 0 0 1 0 1 1 0 1 1 1 0 0 0 1 1 1 1 0 0 0
18  1 0 1 1 0 1 1 1 1 1 1 0 1 1 1 1 1 1 1 1 1 1 1 1 0 1 1 0 1 1 0 1 1 1 1 1 1 1 0 1 1 0 0 1 0 1 1 0 1 1 1 0 0 0 1 1 1 1 0 0 0
19  1 0 1 1 0 1 1 1 1 1 1 0 1 1 1 1 1 1 1 1 1 1 1 1 0 1 1 0 1 1 0 1 1 1 1 1 1 1 0 1 1 0 0 1 0 1 1 0 1 1 1 0 0 0 1 1 1 1 0 0 0
20  1 0 1 1 0 1 1 1 1 1 1 0 1 1 1 1 1 1 1 1 1 1 1 1 0 1 1 0 1 1 0 1 1 1 1 1 1 1 0 1 1 0 0 1 0 1 1 0 1 1 1 0 0 0 1 1 1 1 0 0 0
21  1 0 1 1 0 1 1 1 1 1 1 0 1 1 1 1 1 1 1 1 1 1 1 1 0 1 1 0 1 1 0 1 1 1 1 1 1 1 0 1 1 0 0 1 0 1 1 0 1 1 1 0 0 0 1 1 1 1 0 0 0
22  1 0 1 1 0 1 1 1 1 1 1 0 1 1 1 1 1 1 1 1 1 1 1 1 0 1 1 0 1 1 0 1 1 1 1 1 1 1 0 1 1 0 0 1 0 1 1 0 1 1 1 0 0 0 1 1 1 1 0 0 0
23  1 0 1 1 0 1 1 1 1 1 1 0 1 1 1 1 1 1 1 1 1 1 1 1 0 1 1 0 1 1 0 1 1 1 1 1 1 1 0 1 1 0 0 1 0 1 1 0 1 1 1 0 0 0 1 1 1 1 0 0 0
24  1 0 1 1 0 1 1 1 1 1 1 0 1 1 1 1 1 1 1 1 1 1 1 1 0 1 1 0 1 1 0 1 1 1 1 1 1 1 0 1 1 0 0 1 0 1 1 0 1 1 1 0 0 0 1 1 1 1 0 0 0
25  1 0 1 1 0 1 1 1 1 1 1 0 1 1 1 1 1 1 1 1 1 1 1 1 0 1 1 0 1 1 0 1 1 1 1 1 1 1 0 1 1 0 0 1 0 1 1 0 1 1 1 0 0 0 1 1 1 1 0 0 0
26  1 0 1 1 0 1 1 1 1 1 1 0 1 1 1 1 1 1 1 1 1 1 1 1 0 1 1 0 1 1 0 1 1 1 1 1 1 1 0 1 1 0 0 1 0 1 1 0 1 1 1 0 0 0 1 1 1 1 0 0 0
27  1 0 1 1 0 1 1 1 1 1 1 0 1 1 1 1 1 1 1 1 1 1 1 1 0 1 1 0 1 1 0 1 1 1 1 1 1 1 0 1 1 0 0 1 0 1 1 0 1 1 1 0 0 0 1 1 1 1 0 0 0
28  1 0 1 1 0 1 1 1 1 1 1 0 1 1 1 1 1 1 1 1 1 1 1 1 0 1 1 0 1 1 0 1 1 1 1 1 1 1 0 1 1 0 0 1 0 1 1 0 1 1 1 0 0 0 1 1 1 1 0 0 0
29  1 0 1 1 0 1 1 1 1 1 1 0 1 1 1 1 1 1 1 1 1 1 1 1 0 1 1 0 1 1 0 1 1 1 1 1 1 1 0 1 1 0 0 1 0 1 1 0 1 1 1 0 0 0 1 1 1 1 0 0 0
30  1 0 1 1 0 1 1 1 1 1 1 0 1 1 1 1 1 1 1 1 1 1 1 1 0 1 1 0 1 1 0 1 1 1 1 1 1 1 0 1 1 0 0 1 0 1 1 0 1 1 1 0 0 0 1 1 1 1 0 0 0
0  0 0 1 1 0 0 0 0 0 0 0 0 0 0 0 0 0 0 0 0 0 0 0 0 0 0 0 0 0 0 1 0 0 0 0 0 0 0 0 0 0 0 0 0 1 0 0 0 0 0 0 0 0 0 0 1 1 0 0 0 0
1  1 0 1 1 0 0 0 0 0 0 0 0 0 0 0 1 0 0 0 1 1 1 1 1 0 1 1 0 0 0 0 0 0 0 0 0 0 0 0 0 0 0 0 0 1 0 0 0 0 0 0 0 0 0 0 1 1 0 0 0 0
2  1 0 1 1 0 0 0 0 0 0 0 0 0 0 1 1 1 1 1 1 1 1 1 1 0 1 1 0 1 1 0 0 0 0 1 0 0 0 0 0 0 0 0 0 1 0 0 0 0 0 0 0 0 0 0 1 1 0 0 0 0
3  1 0 1 1 0 0 0 0 0 0 0 0 1 1 1 1 1 1 1 1 1 1 1 1 0 1 1 0 1 1 0 1 0 0 1 0 0 1 0 0 0 0 0 0 1 0 0 0 0 0 0 0 0 0 0 1 1 0 0 0 0
4  1 0 1 1 0 0 0 0 1 0 0 0 1 1 1 1 1 1 1 1 1 1 1 1 0 1 1 0 1 1 0 1 1 0 1 0 0 1 0 0 0 0 0 0 1 0 0 0 0 0 0 0 0 0 0 1 1 0 0 0 0
5  1 0 1 1 0 0 0 1 1 1 1 0 1 1 1 1 1 1 1 1 1 1 1 1 0 1 1 0 1 1 0 1 1 0 1 0 0 1 0 0 0 0 0 0 0 0 0 0 0 0 0 0 0 0 0 1 1 0 0 0 0
6  1 0 1 1 0 1 0 1 1 1 1 0 1 1 1 1 1 1 1 1 1 1 1 1 0 1 1 0 1 1 0 1 1 1 1 0 0 1 0 0 0 0 0 1 0 0 0 0 0 0 0 0 0 0 1 1 1 0 0 0 0
7  1 0 1 1 0 1 1 1 1 1 1 0 1 1 1 1 1 1 1 1 1 1 1 1 0 1 1 0 1 1 0 1 1 1 1 0 1 1 0 0 0 0 0 1 0 1 1 0 1 1 0 0 0 0 1 1 1 1 0 0 0
8  1 0 1 1 0 0 1 1 1 1 1 0 1 1 1 1 1 1 1 1 1 1 1 1 0 1 1 0 1 1 0 1 1 1 1 1 1 1 0 1 0 0 0 1 0 1 1 0 1 1 1 0 0 1 1 1 1 1 0 0 0
9  1 0 1 1 0 0 1 1 1 1 1 0 1 1 1 1 1 1 1 1 1 1 1 1 0 1 1 0 1 1 0 1 1 1 1 1 1 1 0 1 1 0 0 1 0 1 1 0 1 1 1 0 0 0 1 1 1 1 0 0 0
10  1 0 1 1 0 1 1 1 1 1 1 0 1 1 1 1 1 1 1 1 1 1 1 1 0 1 1 0 1 1 0 1 1 1 1 1 1 1 0 1 1 0 0 1 0 1 1 0 1 1 1 0 0 0 1 1 1 1 0 0 0
11  1 0 1 1 0 1 1 1 1 1 1 0 1 1 1 1 1 1 1 1 1 1 1 1 0 1 1 0 1 1 0 1 1 1 1 1 1 1 0 1 1 0 0 1 0 1 1 0 1 1 1 0 0 0 1 1 1 1 0 0 0
12  1 0 1 1 0 1 1 1 1 1 1 0 1 1 1 1 1 1 1 1 1 1 1 1 0 1 1 0 1 1 0 1 1 1 1 1 1 1 0 1 1 0 0 1 0 1 1 0 1 1 1 0 0 0 1 1 1 1 0 0 0
13  1 0 1 1 0 1 1 1 1 1 1 0 1 1 1 1 1 1 1 1 1 1 1 1 0 1 1 0 1 1 0 1 1 1 1 1 1 1 0 1 1 0 0 1 0 1 1 0 1 1 1 0 0 0 1 1 1 1 0 0 0
14  1 0 1 1 0 1 1 1 1 1 1 0 1 1 1 1 1 1 1 1 1 1 1 1 0 1 1 0 1 1 0 1 1 1 1 1 1 1 0 1 1 0 0 1 0 1 1 0 1 1 1 0 0 0 1 1 1 1 0 0 0
15  1 0 1 1 0 1 1 1 1 1 1 0 1 1 1 1 1 1 1 1 1 1 1 1 0 1 1 0 1 1 0 1 1 1 1 1 1 1 0 1 1 0 0 1 0 1 1 0 1 1 1 0 0 0 1 1 1 1 0 0 0
16  1 0 1 1 0 1 1 1 1 1 1 0 1 1 1 1 1 1 1 1 1 1 1 1 0 1 1 0 1 1 0 1 1 1 1 1 1 1 0 1 1 0 0 1 0 1 1 0 1 1 1 0 0 0 1 1 1 1 0 0 0
17  1 0 1 1 0 1 1 1 1 1 1 0 1 1 1 1 1 1 1 1 1 1 1 1 0 1 1 0 1 1 0 1 1 1 1 1 1 1 0 1 1 0 0 1 0 1 1 0 1 1 1 0 0 0 1 1 1 1 0 0 0
18  1 0 1 1 0 1 1 1 1 1 1 0 1 1 1 1 1 1 1 1 1 1 1 1 0 1 1 0 1 1 0 1 1 1 1 1 1 1 0 1 1 0 0 1 0 1 1 0 1 1 1 0 0 0 1 1 1 1 0 0 0
19  1 0 1 1 0 1 1 1 1 1 1 0 1 1 1 1 1 1 1 1 1 1 1 1 0 1 1 0 1 1 0 1 1 1 1 1 1 1 0 1 1 0 0 1 0 1 1 0 1 1 1 0 0 0 1 1 1 1 0 0 0
20  1 0 1 1 0 1 1 1 1 1 1 0 1 1 1 1 1 1 1 1 1 1 1 1 0 1 1 0 1 1 0 1 1 1 1 1 1 1 0 1 1 0 0 1 0 1 1 0 1 1 1 0 0 0 1 1 1 1 0 0 0
21  1 0 1 1 0 1 1 1 1 1 1 0 1 1 1 1 1 1 1 1 1 1 1 1 0 1 1 0 1 1 0 1 1 1 1 1 1 1 0 1 1 0 0 1 0 1 1 0 1 1 1 0 0 0 1 1 1 1 0 0 0
22  1 0 1 1 0 1 1 1 1 1 1 0 1 1 1 1 1 1 1 1 1 1 1 1 0 1 1 0 1 1 0 1 1 1 1 1 1 1 0 1 1 0 0 1 0 1 1 0 1 1 1 0 0 0 1 1 1 1 0 0 0
23  1 0 1 1 0 1 1 1 1 1 1 0 1 1 1 1 1 1 1 1 1 1 1 1 0 1 1 0 1 1 0 1 1 1 1 1 1 1 0 1 1 0 0 1 0 1 1 0 1 1 1 0 0 0 1 1 1 1 0 0 0
24  1 0 1 1 0 1 1 1 1 1 1 0 1 1 1 1 1 1 1 1 1 1 1 1 0 1 1 0 1 1 0 1 1 1 1 1 1 1 0 1 1 0 0 1 0 1 1 0 1 1 1 0 0 0 1 1 1 1 0 0 0
25  1 0 1 1 0 1 1 1 1 1 1 0 1 1 1 1 1 1 1 1 1 1 1 1 0 1 1 0 1 1 0 1 1 1 1 1 1 1 0 1 1 0 0 1 0 1 1 0 1 1 1 0 0 0 1 1 1 1 0 0 0
26  1 0 1 1 0 1 1 1 1 1 1 0 1 1 1 1 1 1 1 1 1 1 1 1 0 1 1 0 1 1 0 1 1 1 1 1 1 1 0 1 1 0 0 1 0 1 1 0 1 1 1 0 0 0 1 1 1 1 0 0 0
27  1 0 1 1 0 1 1 1 1 1 1 0 1 1 1 1 1 1 1 1 1 1 1 1 0 1 1 0 1 1 0 1 1 1 1 1 1 1 0 1 1 0 0 1 0 1 1 0 1 1 1 0 0 0 1 1 1 1 0 0 0
28  1 0 1 1 0 1 1 1 1 1 1 0 1 1 1 1 1 1 1 1 1 1 1 1 0 1 1 0 1 1 0 1 1 1 1 1 1 1 0 1 1 0 0 1 0 1 1 0 1 1 1 0 0 0 1 1 1 1 0 0 0
29  1 0 1 1 0 1 1 1 1 1 1 0 1 1 1 1 1 1 1 1 1 1 1 1 0 1 1 0 1 1 0 1 1 1 1 1 1 1 0 1 1 0 0 1 0 1 1 0 1 1 1 0 0 0 1 1 1 1 0 0 0
30  1 0 1 1 0 1 1 1 1 1 1 0 1 1 1 1 1 1 1 1 1 1 1 1 0 1 1 0 1 1 0 1 1 1 1 1 1 1 0 1 1 0 0 1 0 1 1 0 1 1 1 0 0 0 1 1 1 1 0 0 0
0  0 0 1 1 0 0 0 0 0 0 0 0 0 0 0 0 0 0 0 0 0 0 0 0 0 0 0 0 0 0 1 0 0 0 0 0 0 0 0 0 0 0 0 0 1 0 0 0 0 0 0 0 0 0 0 1 1 0 0 0 0
1  1 0 1 1 0 0 0 0 0 0 0 0 0 0 0 1 0 0 0 1 1 0 1 1 0 1 1 0 1 0 0 0 0 0 0 0 0 0 0 0 0 0 0 0 1 0 0 0 0 0 0 0 0 0 0 1 1 0 0 0 0
2  1 0 1 1 0 0 0 0 0 0 0 0 0 0 0 1 1 0 1 1 1 1 1 1 0 1 1 0 1 1 0 1 0 0 1 0 0 0 0 0 0 0 0 0 1 0 0 0 0 0 0 0 0 0 0 1 1 0 0 0 0
3  1 0 1 1 0 0 0 0 0 0 0 0 1 1 1 1 1 1 1 1 1 1 1 1 0 1 1 0 1 1 0 1 1 0 1 0 0 1 0 0 0 0 0 0 0 0 0 0 0 0 0 0 0 0 0 1 1 0 0 0 0
4  1 0 1 1 0 0 0 0 1 0 0 0 1 1 1 1 1 1 1 1 1 1 1 1 0 1 1 0 1 1 0 1 1 0 1 0 0 1 0 0 0 0 0 1 0 0 0 0 0 0 0 0 0 0 0 1 1 0 0 0 0
5  1 0 1 1 0 0 0 0 1 1 0 0 1 1 1 1 1 1 1 1 1 1 1 1 0 1 1 0 1 1 0 1 1 1 1 0 0 1 0 0 0 0 0 1 0 0 0 0 0 0 0 0 0 0 0 1 1 0 0 0 0
6  1 0 1 1 0 0 0 1 1 1 1 0 1 1 1 1 1 1 1 1 1 1 1 1 0 1 1 0 1 1 0 1 1 1 1 1 1 1 0 1 0 0 0 1 0 1 1 0 0 0 0 0 0 0 0 1 1 0 0 0 0
7  1 0 1 1 0 1 0 1 1 1 1 0 1 1 1 1 1 1 1 1 1 1 1 1 0 1 1 0 1 1 0 1 1 1 1 1 1 1 0 1 1 0 0 1 0 1 1 0 0 0 0 0 0 0 1 1 1 1 0 0 0
8  1 0 1 1 0 1 1 1 1 1 1 0 1 1 1 1 1 1 1 1 1 1 1 1 0 1 1 0 1 1 0 1 1 1 1 1 1 1 0 1 1 0 0 1 0 1 1 0 0 0 0 0 0 0 1 1 1 1 0 0 0
9  1 0 1 1 0 1 1 1 1 1 1 0 1 1 1 1 1 1 1 1 1 1 1 1 0 1 1 0 1 1 0 1 1 1 1 1 1 1 0 1 1 0 0 1 0 1 1 0 1 1 0 0 0 0 1 1 1 1 0 0 0
10  1 0 1 1 0 1 1 1 1 1 1 0 1 1 1 1 1 1 1 1 1 1 1 1 0 1 1 0 1 1 0 1 1 1 1 1 1 1 0 1 1 0 0 1 0 1 1 0 1 1 1 0 0 0 1 1 1 1 0 0 0
11  1 0 1 1 0 1 1 1 1 1 1 0 1 1 1 1 1 1 1 1 1 1 1 1 0 1 1 0 1 1 0 1 1 1 1 1 1 1 0 1 1 0 0 1 0 1 1 0 1 1 1 0 0 0 1 1 1 1 0 0 0
12  1 0 1 1 0 1 1 1 1 1 1 0 1 1 1 1 1 1 1 1 1 1 1 1 0 1 1 0 1 1 0 1 1 1 1 1 1 1 0 1 1 0 0 1 0 1 1 0 1 1 1 0 0 0 1 1 1 1 0 0 0
13  1 0 1 1 0 1 1 1 1 1 1 0 1 1 1 1 1 1 1 1 1 1 1 1 0 1 1 0 1 1 0 1 1 1 1 1 1 1 0 1 1 0 0 1 0 1 1 0 1 1 1 0 0 0 1 1 1 1 0 0 0
14  1 0 1 1 0 1 1 1 1 1 1 0 1 1 1 1 1 1 1 1 1 1 1 1 0 1 1 0 1 1 0 1 1 1 1 1 1 1 0 1 1 0 0 1 0 1 1 0 1 1 1 0 0 0 1 1 1 1 0 0 0
15  1 0 1 1 0 1 1 1 1 1 1 0 1 1 1 1 1 1 1 1 1 1 1 1 0 1 1 0 1 1 0 1 1 1 1 1 1 1 0 1 1 0 0 1 0 1 1 0 1 1 1 0 0 0 1 1 1 1 0 0 0
16  1 0 1 1 0 1 1 1 1 1 1 0 1 1 1 1 1 1 1 1 1 1 1 1 0 1 1 0 1 1 0 1 1 1 1 1 1 1 0 1 1 0 0 1 0 1 1 0 1 1 1 0 0 0 1 1 1 1 0 0 0
17  1 0 1 1 0 1 1 1 1 1 1 0 1 1 1 1 1 1 1 1 1 1 1 1 0 1 1 0 1 1 0 1 1 1 1 1 1 1 0 1 1 0 0 1 0 1 1 0 1 1 1 0 0 0 1 1 1 1 0 0 0
18  1 0 1 1 0 1 1 1 1 1 1 0 1 1 1 1 1 1 1 1 1 1 1 1 0 1 1 0 1 1 0 1 1 1 1 1 1 1 0 1 1 0 0 1 0 1 1 0 1 1 1 0 0 0 1 1 1 1 0 0 0
19  1 0 1 1 0 1 1 1 1 1 1 0 1 1 1 1 1 1 1 1 1 1 1 1 0 1 1 0 1 1 0 1 1 1 1 1 1 1 0 1 1 0 0 1 0 1 1 0 1 1 1 0 0 0 1 1 1 1 0 0 0
20  1 0 1 1 0 1 1 1 1 1 1 0 1 1 1 1 1 1 1 1 1 1 1 1 0 1 1 0 1 1 0 1 1 1 1 1 1 1 0 1 1 0 0 1 0 1 1 0 1 1 1 0 0 0 1 1 1 1 0 0 0
21  1 0 1 1 0 1 1 1 1 1 1 0 1 1 1 1 1 1 1 1 1 1 1 1 0 1 1 0 1 1 0 1 1 1 1 1 1 1 0 1 1 0 0 1 0 1 1 0 1 1 1 0 0 0 1 1 1 1 0 0 0
22  1 0 1 1 0 1 1 1 1 1 1 0 1 1 1 1 1 1 1 1 1 1 1 1 0 1 1 0 1 1 0 1 1 1 1 1 1 1 0 1 1 0 0 1 0 1 1 0 1 1 1 0 0 0 1 1 1 1 0 0 0
23  1 0 1 1 0 1 1 1 1 1 1 0 1 1 1 1 1 1 1 1 1 1 1 1 0 1 1 0 1 1 0 1 1 1 1 1 1 1 0 1 1 0 0 1 0 1 1 0 1 1 1 0 0 0 1 1 1 1 0 0 0
24  1 0 1 1 0 1 1 1 1 1 1 0 1 1 1 1 1 1 1 1 1 1 1 1 0 1 1 0 1 1 0 1 1 1 1 1 1 1 0 1 1 0 0 1 0 1 1 0 1 1 1 0 0 0 1 1 1 1 0 0 0
25  1 0 1 1 0 1 1 1 1 1 1 0 1 1 1 1 1 1 1 1 1 1 1 1 0 1 1 0 1 1 0 1 1 1 1 1 1 1 0 1 1 0 0 1 0 1 1 0 1 1 1 0 0 0 1 1 1 1 0 0 0
26  1 0 1 1 0 1 1 1 1 1 1 0 1 1 1 1 1 1 1 1 1 1 1 1 0 1 1 0 1 1 0 1 1 1 1 1 1 1 0 1 1 0 0 1 0 1 1 0 1 1 1 0 0 0 1 1 1 1 0 0 0
27  1 0 1 1 0 1 1 1 1 1 1 0 1 1 1 1 1 1 1 1 1 1 1 1 0 1 1 0 1 1 0 1 1 1 1 1 1 1 0 1 1 0 0 1 0 1 1 0 1 1 1 0 0 0 1 1 1 1 0 0 0
28  1 0 1 1 0 1 1 1 1 1 1 0 1 1 1 1 1 1 1 1 1 1 1 1 0 1 1 0 1 1 0 1 1 1 1 1 1 1 0 1 1 0 0 1 0 1 1 0 1 1 1 0 0 0 1 1 1 1 0 0 0
29  1 0 1 1 0 1 1 1 1 1 1 0 1 1 1 1 1 1 1 1 1 1 1 1 0 1 1 0 1 1 0 1 1 1 1 1 1 1 0 1 1 0 0 1 0 1 1 0 1 1 1 0 0 0 1 1 1 1 0 0 0
30  1 0 1 1 0 1 1 1 1 1 1 0 1 1 1 1 1 1 1 1 1 1 1 1 0 1 1 0 1 1 0 1 1 1 1 1 1 1 0 1 1 0 0 1 0 1 1 0 1 1 1 0 0 0 1 1 1 1 0 0 0
0  0 0 1 1 0 0 0 0 0 0 0 0 0 0 0 0 0 0 0 0 0 0 0 0 0 0 0 0 0 0 1 0 0 0 0 0 0 0 0 0 0 0 0 0 1 0 0 0 0 0 0 0 0 0 0 1 1 0 0 0 0
1  1 0 1 1 0 0 0 0 0 0 0 0 0 0 0 1 0 0 0 0 0 0 1 0 0 1 0 0 0 0 0 0 0 0 0 0 0 0 0 0 0 0 0 0 1 0 0 0 0 0 0 0 0 0 0 1 1 0 0 0 0
2  1 0 1 1 0 0 0 0 0 0 0 0 0 0 0 1 1 1 0 1 1 1 1 1 0 1 1 0 1 1 0 1 0 0 1 0 0 1 0 0 0 0 0 0 1 0 0 0 0 0 0 0 0 0 0 1 1 0 0 0 0
3  1 0 1 1 0 0 0 0 0 0 0 0 1 0 0 1 1 1 1 1 1 1 1 1 0 1 1 0 1 1 0 1 1 0 1 0 0 1 0 0 0 0 0 0 1 0 0 0 0 0 0 0 0 0 0 1 1 0 0 0 0
4  1 0 1 1 0 0 0 0 0 0 0 0 1 1 1 1 1 1 1 1 1 1 1 1 0 1 1 0 1 1 0 1 1 0 1 0 0 1 0 0 0 0 0 0 0 0 0 0 0 0 0 0 0 0 0 1 1 0 0 0 0
5  1 0 1 1 0 0 0 1 1 1 1 0 1 1 1 1 1 1 1 1 1 1 1 1 0 1 1 0 1 1 0 1 1 0 1 0 0 1 0 0 0 0 0 1 0 0 0 0 0 0 0 0 0 0 0 1 1 0 0 0 0
6  1 0 1 1 0 1 0 1 1 1 1 0 1 1 1 1 1 1 1 1 1 1 1 1 0 1 1 0 1 1 0 1 1 1 1 0 1 1 0 0 0 0 0 1 0 0 0 0 0 0 0 0 0 0 1 1 1 0 0 0 0
7  1 0 1 1 0 1 1 1 1 1 1 0 1 1 1 1 1 1 1 1 1 1 1 1 0 1 1 0 1 1 0 1 1 1 1 1 1 1 0 0 0 0 0 1 0 1 1 0 1 1 1 0 0 1 1 1 1 1 0 0 0
8  1 0 1 1 0 0 1 1 1 1 1 0 1 1 1 1 1 1 1 1 1 1 1 1 0 1 1 0 1 1 0 1 1 1 1 1 1 1 0 1 1 0 0 1 0 1 1 0 1 1 1 0 0 1 1 1 1 1 0 0 0
9  1 0 1 1 0 0 1 1 1 1 1 0 1 1 1 1 1 1 1 1 1 1 1 1 0 1 1 0 1 1 0 1 1 1 1 1 1 1 0 1 1 0 0 1 0 1 1 0 1 1 1 0 0 0 1 1 1 1 0 0 0
10  1 0 1 1 0 1 1 1 1 1 1 0 1 1 1 1 1 1 1 1 1 1 1 1 0 1 1 0 1 1 0 1 1 1 1 1 1 1 0 1 1 0 0 1 0 1 1 0 1 1 1 0 0 0 1 1 1 1 0 0 0
11  1 0 1 1 0 1 1 1 1 1 1 0 1 1 1 1 1 1 1 1 1 1 1 1 0 1 1 0 1 1 0 1 1 1 1 1 1 1 0 1 1 0 0 1 0 1 1 0 1 1 1 0 0 0 1 1 1 1 0 0 0
12  1 0 1 1 0 1 1 1 1 1 1 0 1 1 1 1 1 1 1 1 1 1 1 1 0 1 1 0 1 1 0 1 1 1 1 1 1 1 0 1 1 0 0 1 0 1 1 0 1 1 1 0 0 0 1 1 1 1 0 0 0
13  1 0 1 1 0 1 1 1 1 1 1 0 1 1 1 1 1 1 1 1 1 1 1 1 0 1 1 0 1 1 0 1 1 1 1 1 1 1 0 1 1 0 0 1 0 1 1 0 1 1 1 0 0 0 1 1 1 1 0 0 0
14  1 0 1 1 0 1 1 1 1 1 1 0 1 1 1 1 1 1 1 1 1 1 1 1 0 1 1 0 1 1 0 1 1 1 1 1 1 1 0 1 1 0 0 1 0 1 1 0 1 1 1 0 0 0 1 1 1 1 0 0 0
15  1 0 1 1 0 1 1 1 1 1 1 0 1 1 1 1 1 1 1 1 1 1 1 1 0 1 1 0 1 1 0 1 1 1 1 1 1 1 0 1 1 0 0 1 0 1 1 0 1 1 1 0 0 0 1 1 1 1 0 0 0
16  1 0 1 1 0 1 1 1 1 1 1 0 1 1 1 1 1 1 1 1 1 1 1 1 0 1 1 0 1 1 0 1 1 1 1 1 1 1 0 1 1 0 0 1 0 1 1 0 1 1 1 0 0 0 1 1 1 1 0 0 0
17  1 0 1 1 0 1 1 1 1 1 1 0 1 1 1 1 1 1 1 1 1 1 1 1 0 1 1 0 1 1 0 1 1 1 1 1 1 1 0 1 1 0 0 1 0 1 1 0 1 1 1 0 0 0 1 1 1 1 0 0 0
18  1 0 1 1 0 1 1 1 1 1 1 0 1 1 1 1 1 1 1 1 1 1 1 1 0 1 1 0 1 1 0 1 1 1 1 1 1 1 0 1 1 0 0 1 0 1 1 0 1 1 1 0 0 0 1 1 1 1 0 0 0
19  1 0 1 1 0 1 1 1 1 1 1 0 1 1 1 1 1 1 1 1 1 1 1 1 0 1 1 0 1 1 0 1 1 1 1 1 1 1 0 1 1 0 0 1 0 1 1 0 1 1 1 0 0 0 1 1 1 1 0 0 0
20  1 0 1 1 0 1 1 1 1 1 1 0 1 1 1 1 1 1 1 1 1 1 1 1 0 1 1 0 1 1 0 1 1 1 1 1 1 1 0 1 1 0 0 1 0 1 1 0 1 1 1 0 0 0 1 1 1 1 0 0 0
21  1 0 1 1 0 1 1 1 1 1 1 0 1 1 1 1 1 1 1 1 1 1 1 1 0 1 1 0 1 1 0 1 1 1 1 1 1 1 0 1 1 0 0 1 0 1 1 0 1 1 1 0 0 0 1 1 1 1 0 0 0
22  1 0 1 1 0 1 1 1 1 1 1 0 1 1 1 1 1 1 1 1 1 1 1 1 0 1 1 0 1 1 0 1 1 1 1 1 1 1 0 1 1 0 0 1 0 1 1 0 1 1 1 0 0 0 1 1 1 1 0 0 0
23  1 0 1 1 0 1 1 1 1 1 1 0 1 1 1 1 1 1 1 1 1 1 1 1 0 1 1 0 1 1 0 1 1 1 1 1 1 1 0 1 1 0 0 1 0 1 1 0 1 1 1 0 0 0 1 1 1 1 0 0 0
24  1 0 1 1 0 1 1 1 1 1 1 0 1 1 1 1 1 1 1 1 1 1 1 1 0 1 1 0 1 1 0 1 1 1 1 1 1 1 0 1 1 0 0 1 0 1 1 0 1 1 1 0 0 0 1 1 1 1 0 0 0
25  1 0 1 1 0 1 1 1 1 1 1 0 1 1 1 1 1 1 1 1 1 1 1 1 0 1 1 0 1 1 0 1 1 1 1 1 1 1 0 1 1 0 0 1 0 1 1 0 1 1 1 0 0 0 1 1 1 1 0 0 0
26  1 0 1 1 0 1 1 1 1 1 1 0 1 1 1 1 1 1 1 1 1 1 1 1 0 1 1 0 1 1 0 1 1 1 1 1 1 1 0 1 1 0 0 1 0 1 1 0 1 1 1 0 0 0 1 1 1 1 0 0 0
27  1 0 1 1 0 1 1 1 1 1 1 0 1 1 1 1 1 1 1 1 1 1 1 1 0 1 1 0 1 1 0 1 1 1 1 1 1 1 0 1 1 0 0 1 0 1 1 0 1 1 1 0 0 0 1 1 1 1 0 0 0
28  1 0 1 1 0 1 1 1 1 1 1 0 1 1 1 1 1 1 1 1 1 1 1 1 0 1 1 0 1 1 0 1 1 1 1 1 1 1 0 1 1 0 0 1 0 1 1 0 1 1 1 0 0 0 1 1 1 1 0 0 0
29  1 0 1 1 0 1 1 1 1 1 1 0 1 1 1 1 1 1 1 1 1 1 1 1 0 1 1 0 1 1 0 1 1 1 1 1 1 1 0 1 1 0 0 1 0 1 1 0 1 1 1 0 0 0 1 1 1 1 0 0 0
30  1 0 1 1 0 1 1 1 1 1 1 0 1 1 1 1 1 1 1 1 1 1 1 1 0 1 1 0 1 1 0 1 1 1 1 1 1 1 0 1 1 0 0 1 0 1 1 0 1 1 1 0 0 0 1 1 1 1 0 0 0
0  0 0 1 1 0 0 0 0 0 0 0 0 0 0 0 0 0 0 0 0 0 0 0 0 0 0 0 0 0 0 1 0 0 0 0 0 0 0 0 0 0 0 0 0 1 0 0 0 0 0 0 0 0 0 0 1 1 0 0 0 0
1  1 0 1 1 0 0 0 0 0 0 0 0 0 0 0 0 0 0 0 0 0 0 1 1 0 1 1 0 0 0 0 0 0 0 1 0 0 1 0 0 0 0 0 0 1 0 0 0 0 0 0 0 0 0 0 1 1 0 0 0 0
2  1 0 1 1 0 0 0 0 0 0 0 0 0 0 0 1 1 0 0 1 1 1 1 1 0 1 1 0 1 1 0 0 0 0 1 0 0 1 0 0 0 0 0 0 1 0 0 0 0 0 0 0 0 0 0 1 1 0 0 0 0
3  1 0 1 1 0 0 0 0 0 0 0 0 1 0 0 1 1 1 1 1 1 1 1 1 0 1 1 0 1 1 0 1 1 0 1 0 0 1 0 0 0 0 0 1 0 0 0 0 0 0 0 0 0 0 0 1 1 0 0 0 0
4  1 0 1 1 0 0 0 0 0 0 0 0 1 1 1 1 1 1 1 1 1 1 1 1 0 1 1 0 1 1 0 1 1 1 1 0 1 1 0 0 0 0 0 1 0 0 0 0 0 0 0 0 0 0 0 1 1 0 0 0 0
5  1 0 1 1 0 0 0 0 1 0 0 0 1 1 1 1 1 1 1 1 1 1 1 1 0 1 1 0 1 1 0 1 1 1 1 1 1 1 0 1 0 0 0 1 0 1 0 0 0 0 0 0 0 0 0 1 1 0 0 0 0
6  1 0 1 1 0 0 0 0 1 1 0 0 1 1 1 1 1 1 1 1 1 1 1 1 0 1 1 0 1 1 0 1 1 1 1 1 1 1 0 1 1 0 0 1 0 1 1 0 0 0 0 0 0 0 0 1 1 0 0 0 0
7  1 0 1 1 0 0 0 0 1 1 1 0 1 1 1 1 1 1 1 1 1 1 1 1 0 1 1 0 1 1 0 1 1 1 1 1 1 1 0 1 1 0 0 1 0 1 1 0 0 0 0 0 0 0 0 1 1 0 0 0 0
8  1 0 1 1 0 0 0 1 1 1 1 0 1 1 1 1 1 1 1 1 1 1 1 1 0 1 1 0 1 1 0 1 1 1 1 1 1 1 0 1 1 0 0 1 0 1 1 0 0 0 0 0 0 0 1 1 1 0 0 0 0
9  1 0 1 1 0 1 1 1 1 1 1 0 1 1 1 1 1 1 1 1 1 1 1 1 0 1 1 0 1 1 0 1 1 1 1 1 1 1 0 1 1 0 0 1 0 1 1 0 0 0 0 0 0 0 1 1 1 1 0 0 0
10  1 0 1 1 0 1 1 1 1 1 1 0 1 1 1 1 1 1 1 1 1 1 1 1 0 1 1 0 1 1 0 1 1 1 1 1 1 1 0 1 1 0 0 1 0 1 1 0 1 0 0 0 0 0 1 1 1 1 0 0 0
11  1 0 1 1 0 1 1 1 1 1 1 0 1 1 1 1 1 1 1 1 1 1 1 1 0 1 1 0 1 1 0 1 1 1 1 1 1 1 0 1 1 0 0 1 0 1 1 0 1 1 1 0 0 0 1 1 1 1 0 0 0
12  1 0 1 1 0 1 1 1 1 1 1 0 1 1 1 1 1 1 1 1 1 1 1 1 0 1 1 0 1 1 0 1 1 1 1 1 1 1 0 1 1 0 0 1 0 1 1 0 1 1 1 0 0 0 1 1 1 1 0 0 0
13  1 0 1 1 0 1 1 1 1 1 1 0 1 1 1 1 1 1 1 1 1 1 1 1 0 1 1 0 1 1 0 1 1 1 1 1 1 1 0 1 1 0 0 1 0 1 1 0 1 1 1 0 0 0 1 1 1 1 0 0 0
14  1 0 1 1 0 1 1 1 1 1 1 0 1 1 1 1 1 1 1 1 1 1 1 1 0 1 1 0 1 1 0 1 1 1 1 1 1 1 0 1 1 0 0 1 0 1 1 0 1 1 1 0 0 0 1 1 1 1 0 0 0
15  1 0 1 1 0 1 1 1 1 1 1 0 1 1 1 1 1 1 1 1 1 1 1 1 0 1 1 0 1 1 0 1 1 1 1 1 1 1 0 1 1 0 0 1 0 1 1 0 1 1 1 0 0 0 1 1 1 1 0 0 0
16  1 0 1 1 0 1 1 1 1 1 1 0 1 1 1 1 1 1 1 1 1 1 1 1 0 1 1 0 1 1 0 1 1 1 1 1 1 1 0 1 1 0 0 1 0 1 1 0 1 1 1 0 0 0 1 1 1 1 0 0 0
17  1 0 1 1 0 1 1 1 1 1 1 0 1 1 1 1 1 1 1 1 1 1 1 1 0 1 1 0 1 1 0 1 1 1 1 1 1 1 0 1 1 0 0 1 0 1 1 0 1 1 1 0 0 0 1 1 1 1 0 0 0
18  1 0 1 1 0 1 1 1 1 1 1 0 1 1 1 1 1 1 1 1 1 1 1 1 0 1 1 0 1 1 0 1 1 1 1 1 1 1 0 1 1 0 0 1 0 1 1 0 1 1 1 0 0 0 1 1 1 1 0 0 0
19  1 0 1 1 0 1 1 1 1 1 1 0 1 1 1 1 1 1 1 1 1 1 1 1 0 1 1 0 1 1 0 1 1 1 1 1 1 1 0 1 1 0 0 1 0 1 1 0 1 1 1 0 0 0 1 1 1 1 0 0 0
20  1 0 1 1 0 1 1 1 1 1 1 0 1 1 1 1 1 1 1 1 1 1 1 1 0 1 1 0 1 1 0 1 1 1 1 1 1 1 0 1 1 0 0 1 0 1 1 0 1 1 1 0 0 0 1 1 1 1 0 0 0
21  1 0 1 1 0 1 1 1 1 1 1 0 1 1 1 1 1 1 1 1 1 1 1 1 0 1 1 0 1 1 0 1 1 1 1 1 1 1 0 1 1 0 0 1 0 1 1 0 1 1 1 0 0 0 1 1 1 1 0 0 0
22  1 0 1 1 0 1 1 1 1 1 1 0 1 1 1 1 1 1 1 1 1 1 1 1 0 1 1 0 1 1 0 1 1 1 1 1 1 1 0 1 1 0 0 1 0 1 1 0 1 1 1 0 0 0 1 1 1 1 0 0 0
23  1 0 1 1 0 1 1 1 1 1 1 0 1 1 1 1 1 1 1 1 1 1 1 1 0 1 1 0 1 1 0 1 1 1 1 1 1 1 0 1 1 0 0 1 0 1 1 0 1 1 1 0 0 0 1 1 1 1 0 0 0
24  1 0 1 1 0 1 1 1 1 1 1 0 1 1 1 1 1 1 1 1 1 1 1 1 0 1 1 0 1 1 0 1 1 1 1 1 1 1 0 1 1 0 0 1 0 1 1 0 1 1 1 0 0 0 1 1 1 1 0 0 0
25  1 0 1 1 0 1 1 1 1 1 1 0 1 1 1 1 1 1 1 1 1 1 1 1 0 1 1 0 1 1 0 1 1 1 1 1 1 1 0 1 1 0 0 1 0 1 1 0 1 1 1 0 0 0 1 1 1 1 0 0 0
26  1 0 1 1 0 1 1 1 1 1 1 0 1 1 1 1 1 1 1 1 1 1 1 1 0 1 1 0 1 1 0 1 1 1 1 1 1 1 0 1 1 0 0 1 0 1 1 0 1 1 1 0 0 0 1 1 1 1 0 0 0
27  1 0 1 1 0 1 1 1 1 1 1 0 1 1 1 1 1 1 1 1 1 1 1 1 0 1 1 0 1 1 0 1 1 1 1 1 1 1 0 1 1 0 0 1 0 1 1 0 1 1 1 0 0 0 1 1 1 1 0 0 0
28  1 0 1 1 0 1 1 1 1 1 1 0 1 1 1 1 1 1 1 1 1 1 1 1 0 1 1 0 1 1 0 1 1 1 1 1 1 1 0 1 1 0 0 1 0 1 1 0 1 1 1 0 0 0 1 1 1 1 0 0 0
29  1 0 1 1 0 1 1 1 1 1 1 0 1 1 1 1 1 1 1 1 1 1 1 1 0 1 1 0 1 1 0 1 1 1 1 1 1 1 0 1 1 0 0 1 0 1 1 0 1 1 1 0 0 0 1 1 1 1 0 0 0
30  1 0 1 1 0 1 1 1 1 1 1 0 1 1 1 1 1 1 1 1 1 1 1 1 0 1 1 0 1 1 0 1 1 1 1 1 1 1 0 1 1 0 0 1 0 1 1 0 1 1 1 0 0 0 1 1 1 1 0 0 0
0  0 0 1 1 0 0 0 0 0 0 0 0 0 0 0 0 0 0 0 0 0 0 0 0 0 0 0 0 0 0 1 0 0 0 0 0 0 0 0 0 0 0 0 0 1 0 0 0 0 0 0 0 0 0 0 1 1 0 0 0 0
1  1 0 1 1 0 0 0 0 0 0 0 0 0 0 0 1 1 0 0 1 0 0 1 1 0 1 0 0 1 0 0 0 0 0 1 0 0 0 0 0 0 0 0 0 1 0 0 0 0 0 0 0 0 0 0 1 1 0 0 0 0
2  1 0 1 1 0 0 0 0 0 0 0 0 1 1 1 1 1 1 1 1 1 1 1 1 0 1 1 0 1 1 0 1 0 0 1 0 0 1 0 0 0 0 0 0 1 0 0 0 0 0 0 0 0 0 0 1 1 0 0 0 0
3  1 0 1 1 0 0 0 0 1 0 0 0 1 1 1 1 1 1 1 1 1 1 1 1 0 1 1 0 1 1 0 1 1 1 1 0 0 1 0 0 0 0 0 1 0 1 0 0 0 0 0 0 0 0 0 1 1 0 0 0 0
4  1 0 1 1 0 0 0 0 1 1 0 0 1 1 1 1 1 1 1 1 1 1 1 1 0 1 1 0 1 1 0 1 1 1 1 0 1 1 0 0 0 0 0 1 0 1 1 0 0 0 0 0 0 0 0 1 1 0 0 0 0
5  1 0 1 1 0 0 0 0 1 1 1 0 1 1 1 1 1 1 1 1 1 1 1 1 0 1 1 0 1 1 0 1 1 1 1 1 1 1 0 1 0 0 0 1 0 1 1 0 0 0 0 0 0 0 0 1 1 0 0 0 0
6  1 0 1 1 0 0 0 1 1 1 1 0 1 1 1 1 1 1 1 1 1 1 1 1 0 1 1 0 1 1 0 1 1 1 1 1 1 1 0 1 1 0 0 1 0 1 1 0 0 0 0 0 0 0 1 1 1 0 0 0 0
7  1 0 1 1 0 1 1 1 1 1 1 0 1 1 1 1 1 1 1 1 1 1 1 1 0 1 1 0 1 1 0 1 1 1 1 1 1 1 0 1 1 0 0 1 0 1 1 0 0 0 0 0 0 0 1 1 1 0 0 0 0
8  1 0 1 1 0 1 1 1 1 1 1 0 1 1 1 1 1 1 1 1 1 1 1 1 0 1 1 0 1 1 0 1 1 1 1 1 1 1 0 1 1 0 0 1 0 1 1 0 1 1 0 0 0 0 1 1 1 1 0 0 0
9  1 0 1 1 0 1 1 1 1 1 1 0 1 1 1 1 1 1 1 1 1 1 1 1 0 1 1 0 1 1 0 1 1 1 1 1 1 1 0 1 1 0 0 1 0 1 1 0 1 1 1 0 0 0 1 1 1 1 0 0 0
10  1 0 1 1 0 1 1 1 1 1 1 0 1 1 1 1 1 1 1 1 1 1 1 1 0 1 1 0 1 1 0 1 1 1 1 1 1 1 0 1 1 0 0 1 0 1 1 0 1 1 1 0 0 0 1 1 1 1 0 0 0
11  1 0 1 1 0 1 1 1 1 1 1 0 1 1 1 1 1 1 1 1 1 1 1 1 0 1 1 0 1 1 0 1 1 1 1 1 1 1 0 1 1 0 0 1 0 1 1 0 1 1 1 0 0 0 1 1 1 1 0 0 0
12  1 0 1 1 0 1 1 1 1 1 1 0 1 1 1 1 1 1 1 1 1 1 1 1 0 1 1 0 1 1 0 1 1 1 1 1 1 1 0 1 1 0 0 1 0 1 1 0 1 1 1 0 0 0 1 1 1 1 0 0 0
13  1 0 1 1 0 1 1 1 1 1 1 0 1 1 1 1 1 1 1 1 1 1 1 1 0 1 1 0 1 1 0 1 1 1 1 1 1 1 0 1 1 0 0 1 0 1 1 0 1 1 1 0 0 0 1 1 1 1 0 0 0
14  1 0 1 1 0 1 1 1 1 1 1 0 1 1 1 1 1 1 1 1 1 1 1 1 0 1 1 0 1 1 0 1 1 1 1 1 1 1 0 1 1 0 0 1 0 1 1 0 1 1 1 0 0 0 1 1 1 1 0 0 0
15  1 0 1 1 0 1 1 1 1 1 1 0 1 1 1 1 1 1 1 1 1 1 1 1 0 1 1 0 1 1 0 1 1 1 1 1 1 1 0 1 1 0 0 1 0 1 1 0 1 1 1 0 0 0 1 1 1 1 0 0 0
16  1 0 1 1 0 1 1 1 1 1 1 0 1 1 1 1 1 1 1 1 1 1 1 1 0 1 1 0 1 1 0 1 1 1 1 1 1 1 0 1 1 0 0 1 0 1 1 0 1 1 1 0 0 0 1 1 1 1 0 0 0
17  1 0 1 1 0 1 1 1 1 1 1 0 1 1 1 1 1 1 1 1 1 1 1 1 0 1 1 0 1 1 0 1 1 1 1 1 1 1 0 1 1 0 0 1 0 1 1 0 1 1 1 0 0 0 1 1 1 1 0 0 0
18  1 0 1 1 0 1 1 1 1 1 1 0 1 1 1 1 1 1 1 1 1 1 1 1 0 1 1 0 1 1 0 1 1 1 1 1 1 1 0 1 1 0 0 1 0 1 1 0 1 1 1 0 0 0 1 1 1 1 0 0 0
19  1 0 1 1 0 1 1 1 1 1 1 0 1 1 1 1 1 1 1 1 1 1 1 1 0 1 1 0 1 1 0 1 1 1 1 1 1 1 0 1 1 0 0 1 0 1 1 0 1 1 1 0 0 0 1 1 1 1 0 0 0
20  1 0 1 1 0 1 1 1 1 1 1 0 1 1 1 1 1 1 1 1 1 1 1 1 0 1 1 0 1 1 0 1 1 1 1 1 1 1 0 1 1 0 0 1 0 1 1 0 1 1 1 0 0 0 1 1 1 1 0 0 0
21  1 0 1 1 0 1 1 1 1 1 1 0 1 1 1 1 1 1 1 1 1 1 1 1 0 1 1 0 1 1 0 1 1 1 1 1 1 1 0 1 1 0 0 1 0 1 1 0 1 1 1 0 0 0 1 1 1 1 0 0 0
22  1 0 1 1 0 1 1 1 1 1 1 0 1 1 1 1 1 1 1 1 1 1 1 1 0 1 1 0 1 1 0 1 1 1 1 1 1 1 0 1 1 0 0 1 0 1 1 0 1 1 1 0 0 0 1 1 1 1 0 0 0
23  1 0 1 1 0 1 1 1 1 1 1 0 1 1 1 1 1 1 1 1 1 1 1 1 0 1 1 0 1 1 0 1 1 1 1 1 1 1 0 1 1 0 0 1 0 1 1 0 1 1 1 0 0 0 1 1 1 1 0 0 0
24  1 0 1 1 0 1 1 1 1 1 1 0 1 1 1 1 1 1 1 1 1 1 1 1 0 1 1 0 1 1 0 1 1 1 1 1 1 1 0 1 1 0 0 1 0 1 1 0 1 1 1 0 0 0 1 1 1 1 0 0 0
25  1 0 1 1 0 1 1 1 1 1 1 0 1 1 1 1 1 1 1 1 1 1 1 1 0 1 1 0 1 1 0 1 1 1 1 1 1 1 0 1 1 0 0 1 0 1 1 0 1 1 1 0 0 0 1 1 1 1 0 0 0
26  1 0 1 1 0 1 1 1 1 1 1 0 1 1 1 1 1 1 1 1 1 1 1 1 0 1 1 0 1 1 0 1 1 1 1 1 1 1 0 1 1 0 0 1 0 1 1 0 1 1 1 0 0 0 1 1 1 1 0 0 0
27  1 0 1 1 0 1 1 1 1 1 1 0 1 1 1 1 1 1 1 1 1 1 1 1 0 1 1 0 1 1 0 1 1 1 1 1 1 1 0 1 1 0 0 1 0 1 1 0 1 1 1 0 0 0 1 1 1 1 0 0 0
28  1 0 1 1 0 1 1 1 1 1 1 0 1 1 1 1 1 1 1 1 1 1 1 1 0 1 1 0 1 1 0 1 1 1 1 1 1 1 0 1 1 0 0 1 0 1 1 0 1 1 1 0 0 0 1 1 1 1 0 0 0
29  1 0 1 1 0 1 1 1 1 1 1 0 1 1 1 1 1 1 1 1 1 1 1 1 0 1 1 0 1 1 0 1 1 1 1 1 1 1 0 1 1 0 0 1 0 1 1 0 1 1 1 0 0 0 1 1 1 1 0 0 0
30  1 0 1 1 0 1 1 1 1 1 1 0 1 1 1 1 1 1 1 1 1 1 1 1 0 1 1 0 1 1 0 1 1 1 1 1 1 1 0 1 1 0 0 1 0 1 1 0 1 1 1 0 0 0 1 1 1 1 0 0 0
0  0 0 1 1 0 0 0 0 0 0 0 0 0 0 0 0 0 0 0 0 0 0 0 0 0 0 0 0 0 0 1 0 0 0 0 0 0 0 0 0 0 0 0 0 1 0 0 0 0 0 0 0 0 0 0 1 1 0 0 0 0
1  1 0 1 1 0 0 0 0 0 0 0 0 0 0 0 0 0 0 0 0 0 0 1 1 0 1 1 0 0 0 0 0 0 0 1 0 0 1 0 0 0 0 0 0 1 0 0 0 0 0 0 0 0 0 0 1 1 0 0 0 0
2  1 0 1 1 0 0 0 0 0 0 0 0 0 0 0 1 1 0 1 1 1 1 1 1 0 1 1 0 1 1 0 1 0 0 1 0 0 1 0 0 0 0 0 0 1 0 0 0 0 0 0 0 0 0 0 1 1 0 0 0 0
3  1 0 1 1 0 0 0 0 0 0 0 0 0 1 1 1 1 1 1 1 1 1 1 1 0 1 1 0 1 1 0 1 1 0 1 0 0 1 0 0 0 0 0 1 0 0 0 0 0 0 0 0 0 0 0 1 1 0 0 0 0
4  1 0 1 1 0 0 0 0 1 0 0 0 1 1 1 1 1 1 1 1 1 1 1 1 0 1 1 0 1 1 0 1 1 1 1 0 0 1 0 0 0 0 0 1 0 0 0 0 0 0 0 0 0 0 0 1 1 0 0 0 0
5  1 0 1 1 0 0 0 0 1 1 0 0 1 1 1 1 1 1 1 1 1 1 1 1 0 1 1 0 1 1 0 1 1 1 1 0 1 1 0 0 0 0 0 1 0 1 0 0 0 0 0 0 0 0 0 1 1 0 0 0 0
6  1 0 1 1 0 0 0 1 1 1 1 0 1 1 1 1 1 1 1 1 1 1 1 1 0 1 1 0 1 1 0 1 1 1 1 1 1 1 0 1 1 0 0 1 0 1 1 0 0 0 0 0 0 0 0 1 1 0 0 0 0
7  1 0 1 1 0 1 1 1 1 1 1 0 1 1 1 1 1 1 1 1 1 1 1 1 0 1 1 0 1 1 0 1 1 1 1 1 1 1 0 1 1 0 0 1 0 1 1 0 0 0 0 0 0 0 1 1 1 0 0 0 0
8  1 0 1 1 0 1 1 1 1 1 1 0 1 1 1 1 1 1 1 1 1 1 1 1 0 1 1 0 1 1 0 1 1 1 1 1 1 1 0 1 1 0 0 1 0 1 1 0 1 0 0 0 0 0 1 1 1 1 0 0 0
9  1 0 1 1 0 1 1 1 1 1 1 0 1 1 1 1 1 1 1 1 1 1 1 1 0 1 1 0 1 1 0 1 1 1 1 1 1 1 0 1 1 0 0 1 0 1 1 0 1 1 1 0 0 0 1 1 1 1 0 0 0
10  1 0 1 1 0 1 1 1 1 1 1 0 1 1 1 1 1 1 1 1 1 1 1 1 0 1 1 0 1 1 0 1 1 1 1 1 1 1 0 1 1 0 0 1 0 1 1 0 1 1 1 0 0 0 1 1 1 1 0 0 0
11  1 0 1 1 0 1 1 1 1 1 1 0 1 1 1 1 1 1 1 1 1 1 1 1 0 1 1 0 1 1 0 1 1 1 1 1 1 1 0 1 1 0 0 1 0 1 1 0 1 1 1 0 0 0 1 1 1 1 0 0 0
12  1 0 1 1 0 1 1 1 1 1 1 0 1 1 1 1 1 1 1 1 1 1 1 1 0 1 1 0 1 1 0 1 1 1 1 1 1 1 0 1 1 0 0 1 0 1 1 0 1 1 1 0 0 0 1 1 1 1 0 0 0
13  1 0 1 1 0 1 1 1 1 1 1 0 1 1 1 1 1 1 1 1 1 1 1 1 0 1 1 0 1 1 0 1 1 1 1 1 1 1 0 1 1 0 0 1 0 1 1 0 1 1 1 0 0 0 1 1 1 1 0 0 0
14  1 0 1 1 0 1 1 1 1 1 1 0 1 1 1 1 1 1 1 1 1 1 1 1 0 1 1 0 1 1 0 1 1 1 1 1 1 1 0 1 1 0 0 1 0 1 1 0 1 1 1 0 0 0 1 1 1 1 0 0 0
15  1 0 1 1 0 1 1 1 1 1 1 0 1 1 1 1 1 1 1 1 1 1 1 1 0 1 1 0 1 1 0 1 1 1 1 1 1 1 0 1 1 0 0 1 0 1 1 0 1 1 1 0 0 0 1 1 1 1 0 0 0
16  1 0 1 1 0 1 1 1 1 1 1 0 1 1 1 1 1 1 1 1 1 1 1 1 0 1 1 0 1 1 0 1 1 1 1 1 1 1 0 1 1 0 0 1 0 1 1 0 1 1 1 0 0 0 1 1 1 1 0 0 0
17  1 0 1 1 0 1 1 1 1 1 1 0 1 1 1 1 1 1 1 1 1 1 1 1 0 1 1 0 1 1 0 1 1 1 1 1 1 1 0 1 1 0 0 1 0 1 1 0 1 1 1 0 0 0 1 1 1 1 0 0 0
18  1 0 1 1 0 1 1 1 1 1 1 0 1 1 1 1 1 1 1 1 1 1 1 1 0 1 1 0 1 1 0 1 1 1 1 1 1 1 0 1 1 0 0 1 0 1 1 0 1 1 1 0 0 0 1 1 1 1 0 0 0
19  1 0 1 1 0 1 1 1 1 1 1 0 1 1 1 1 1 1 1 1 1 1 1 1 0 1 1 0 1 1 0 1 1 1 1 1 1 1 0 1 1 0 0 1 0 1 1 0 1 1 1 0 0 0 1 1 1 1 0 0 0
20  1 0 1 1 0 1 1 1 1 1 1 0 1 1 1 1 1 1 1 1 1 1 1 1 0 1 1 0 1 1 0 1 1 1 1 1 1 1 0 1 1 0 0 1 0 1 1 0 1 1 1 0 0 0 1 1 1 1 0 0 0
21  1 0 1 1 0 1 1 1 1 1 1 0 1 1 1 1 1 1 1 1 1 1 1 1 0 1 1 0 1 1 0 1 1 1 1 1 1 1 0 1 1 0 0 1 0 1 1 0 1 1 1 0 0 0 1 1 1 1 0 0 0
22  1 0 1 1 0 1 1 1 1 1 1 0 1 1 1 1 1 1 1 1 1 1 1 1 0 1 1 0 1 1 0 1 1 1 1 1 1 1 0 1 1 0 0 1 0 1 1 0 1 1 1 0 0 0 1 1 1 1 0 0 0
23  1 0 1 1 0 1 1 1 1 1 1 0 1 1 1 1 1 1 1 1 1 1 1 1 0 1 1 0 1 1 0 1 1 1 1 1 1 1 0 1 1 0 0 1 0 1 1 0 1 1 1 0 0 0 1 1 1 1 0 0 0
24  1 0 1 1 0 1 1 1 1 1 1 0 1 1 1 1 1 1 1 1 1 1 1 1 0 1 1 0 1 1 0 1 1 1 1 1 1 1 0 1 1 0 0 1 0 1 1 0 1 1 1 0 0 0 1 1 1 1 0 0 0
25  1 0 1 1 0 1 1 1 1 1 1 0 1 1 1 1 1 1 1 1 1 1 1 1 0 1 1 0 1 1 0 1 1 1 1 1 1 1 0 1 1 0 0 1 0 1 1 0 1 1 1 0 0 0 1 1 1 1 0 0 0
26  1 0 1 1 0 1 1 1 1 1 1 0 1 1 1 1 1 1 1 1 1 1 1 1 0 1 1 0 1 1 0 1 1 1 1 1 1 1 0 1 1 0 0 1 0 1 1 0 1 1 1 0 0 0 1 1 1 1 0 0 0
27  1 0 1 1 0 1 1 1 1 1 1 0 1 1 1 1 1 1 1 1 1 1 1 1 0 1 1 0 1 1 0 1 1 1 1 1 1 1 0 1 1 0 0 1 0 1 1 0 1 1 1 0 0 0 1 1 1 1 0 0 0
28  1 0 1 1 0 1 1 1 1 1 1 0 1 1 1 1 1 1 1 1 1 1 1 1 0 1 1 0 1 1 0 1 1 1 1 1 1 1 0 1 1 0 0 1 0 1 1 0 1 1 1 0 0 0 1 1 1 1 0 0 0
29  1 0 1 1 0 1 1 1 1 1 1 0 1 1 1 1 1 1 1 1 1 1 1 1 0 1 1 0 1 1 0 1 1 1 1 1 1 1 0 1 1 0 0 1 0 1 1 0 1 1 1 0 0 0 1 1 1 1 0 0 0
30  1 0 1 1 0 1 1 1 1 1 1 0 1 1 1 1 1 1 1 1 1 1 1 1 0 1 1 0 1 1 0 1 1 1 1 1 1 1 0 1 1 0 0 1 0 1 1 0 1 1 1 0 0 0 1 1 1 1 0 0 0
0  0 0 1 1 0 0 0 0 0 0 0 0 0 0 0 0 0 0 0 0 0 0 0 0 0 0 0 0 0 0 1 0 0 0 0 0 0 0 0 0 0 0 0 0 1 0 0 0 0 0 0 0 0 0 0 1 1 0 0 0 0
1  1 0 1 1 0 0 0 0 0 0 0 0 0 0 0 1 0 0 0 0 1 1 1 1 0 1 0 0 0 0 0 0 0 0 0 0 0 0 0 0 0 0 0 0 1 0 0 0 0 0 0 0 0 0 0 1 1 0 0 0 0
2  1 0 1 1 0 0 0 0 0 0 0 0 0 0 0 1 1 0 0 1 1 1 1 1 0 1 1 0 1 1 0 0 0 0 1 0 0 1 0 0 0 0 0 0 1 0 0 0 0 0 0 0 0 0 0 1 1 0 0 0 0
3  1 0 1 1 0 0 0 0 0 0 0 0 1 0 1 1 1 1 1 1 1 1 1 1 0 1 1 0 1 1 0 1 0 0 1 0 0 1 0 0 0 0 0 0 1 0 0 0 0 0 0 0 0 0 0 1 1 0 0 0 0
4  1 0 1 1 0 0 0 0 0 0 0 0 1 1 1 1 1 1 1 1 1 1 1 1 0 1 1 0 1 1 0 1 1 0 1 0 0 1 0 0 0 0 0 1 0 0 0 0 0 0 0 0 0 0 0 1 1 0 0 0 0
5  1 0 1 1 0 0 0 0 1 1 0 0 1 1 1 1 1 1 1 1 1 1 1 1 0 1 1 0 1 1 0 1 1 1 1 1 1 1 0 1 0 0 0 1 0 1 0 0 0 0 0 0 0 0 0 1 1 0 0 0 0
6  1 0 1 1 0 0 0 1 1 1 1 0 1 1 1 1 1 1 1 1 1 1 1 1 0 1 1 0 1 1 0 1 1 1 1 1 1 1 0 1 1 0 0 1 0 1 1 0 0 0 0 0 0 0 0 1 1 0 0 0 0
7  1 0 1 1 0 1 1 1 1 1 1 0 1 1 1 1 1 1 1 1 1 1 1 1 0 1 1 0 1 1 0 1 1 1 1 1 1 1 0 1 1 0 0 1 0 1 1 0 0 0 0 0 0 0 1 1 1 0 0 0 0
8  1 0 1 1 0 1 1 1 1 1 1 0 1 1 1 1 1 1 1 1 1 1 1 1 0 1 1 0 1 1 0 1 1 1 1 1 1 1 0 1 1 0 0 1 0 1 1 0 1 0 0 0 0 0 1 1 1 1 0 0 0
9  1 0 1 1 0 1 1 1 1 1 1 0 1 1 1 1 1 1 1 1 1 1 1 1 0 1 1 0 1 1 0 1 1 1 1 1 1 1 0 1 1 0 0 1 0 1 1 0 1 1 0 0 0 0 1 1 1 1 0 0 0
10  1 0 1 1 0 1 1 1 1 1 1 0 1 1 1 1 1 1 1 1 1 1 1 1 0 1 1 0 1 1 0 1 1 1 1 1 1 1 0 1 1 0 0 1 0 1 1 0 1 1 1 0 0 0 1 1 1 1 0 0 0
11  1 0 1 1 0 1 1 1 1 1 1 0 1 1 1 1 1 1 1 1 1 1 1 1 0 1 1 0 1 1 0 1 1 1 1 1 1 1 0 1 1 0 0 1 0 1 1 0 1 1 1 0 0 0 1 1 1 1 0 0 0
12  1 0 1 1 0 1 1 1 1 1 1 0 1 1 1 1 1 1 1 1 1 1 1 1 0 1 1 0 1 1 0 1 1 1 1 1 1 1 0 1 1 0 0 1 0 1 1 0 1 1 1 0 0 0 1 1 1 1 0 0 0
13  1 0 1 1 0 1 1 1 1 1 1 0 1 1 1 1 1 1 1 1 1 1 1 1 0 1 1 0 1 1 0 1 1 1 1 1 1 1 0 1 1 0 0 1 0 1 1 0 1 1 1 0 0 0 1 1 1 1 0 0 0
14  1 0 1 1 0 1 1 1 1 1 1 0 1 1 1 1 1 1 1 1 1 1 1 1 0 1 1 0 1 1 0 1 1 1 1 1 1 1 0 1 1 0 0 1 0 1 1 0 1 1 1 0 0 0 1 1 1 1 0 0 0
15  1 0 1 1 0 1 1 1 1 1 1 0 1 1 1 1 1 1 1 1 1 1 1 1 0 1 1 0 1 1 0 1 1 1 1 1 1 1 0 1 1 0 0 1 0 1 1 0 1 1 1 0 0 0 1 1 1 1 0 0 0
16  1 0 1 1 0 1 1 1 1 1 1 0 1 1 1 1 1 1 1 1 1 1 1 1 0 1 1 0 1 1 0 1 1 1 1 1 1 1 0 1 1 0 0 1 0 1 1 0 1 1 1 0 0 0 1 1 1 1 0 0 0
17  1 0 1 1 0 1 1 1 1 1 1 0 1 1 1 1 1 1 1 1 1 1 1 1 0 1 1 0 1 1 0 1 1 1 1 1 1 1 0 1 1 0 0 1 0 1 1 0 1 1 1 0 0 0 1 1 1 1 0 0 0
18  1 0 1 1 0 1 1 1 1 1 1 0 1 1 1 1 1 1 1 1 1 1 1 1 0 1 1 0 1 1 0 1 1 1 1 1 1 1 0 1 1 0 0 1 0 1 1 0 1 1 1 0 0 0 1 1 1 1 0 0 0
19  1 0 1 1 0 1 1 1 1 1 1 0 1 1 1 1 1 1 1 1 1 1 1 1 0 1 1 0 1 1 0 1 1 1 1 1 1 1 0 1 1 0 0 1 0 1 1 0 1 1 1 0 0 0 1 1 1 1 0 0 0
20  1 0 1 1 0 1 1 1 1 1 1 0 1 1 1 1 1 1 1 1 1 1 1 1 0 1 1 0 1 1 0 1 1 1 1 1 1 1 0 1 1 0 0 1 0 1 1 0 1 1 1 0 0 0 1 1 1 1 0 0 0
21  1 0 1 1 0 1 1 1 1 1 1 0 1 1 1 1 1 1 1 1 1 1 1 1 0 1 1 0 1 1 0 1 1 1 1 1 1 1 0 1 1 0 0 1 0 1 1 0 1 1 1 0 0 0 1 1 1 1 0 0 0
22  1 0 1 1 0 1 1 1 1 1 1 0 1 1 1 1 1 1 1 1 1 1 1 1 0 1 1 0 1 1 0 1 1 1 1 1 1 1 0 1 1 0 0 1 0 1 1 0 1 1 1 0 0 0 1 1 1 1 0 0 0
23  1 0 1 1 0 1 1 1 1 1 1 0 1 1 1 1 1 1 1 1 1 1 1 1 0 1 1 0 1 1 0 1 1 1 1 1 1 1 0 1 1 0 0 1 0 1 1 0 1 1 1 0 0 0 1 1 1 1 0 0 0
24  1 0 1 1 0 1 1 1 1 1 1 0 1 1 1 1 1 1 1 1 1 1 1 1 0 1 1 0 1 1 0 1 1 1 1 1 1 1 0 1 1 0 0 1 0 1 1 0 1 1 1 0 0 0 1 1 1 1 0 0 0
25  1 0 1 1 0 1 1 1 1 1 1 0 1 1 1 1 1 1 1 1 1 1 1 1 0 1 1 0 1 1 0 1 1 1 1 1 1 1 0 1 1 0 0 1 0 1 1 0 1 1 1 0 0 0 1 1 1 1 0 0 0
26  1 0 1 1 0 1 1 1 1 1 1 0 1 1 1 1 1 1 1 1 1 1 1 1 0 1 1 0 1 1 0 1 1 1 1 1 1 1 0 1 1 0 0 1 0 1 1 0 1 1 1 0 0 0 1 1 1 1 0 0 0
27  1 0 1 1 0 1 1 1 1 1 1 0 1 1 1 1 1 1 1 1 1 1 1 1 0 1 1 0 1 1 0 1 1 1 1 1 1 1 0 1 1 0 0 1 0 1 1 0 1 1 1 0 0 0 1 1 1 1 0 0 0
28  1 0 1 1 0 1 1 1 1 1 1 0 1 1 1 1 1 1 1 1 1 1 1 1 0 1 1 0 1 1 0 1 1 1 1 1 1 1 0 1 1 0 0 1 0 1 1 0 1 1 1 0 0 0 1 1 1 1 0 0 0
29  1 0 1 1 0 1 1 1 1 1 1 0 1 1 1 1 1 1 1 1 1 1 1 1 0 1 1 0 1 1 0 1 1 1 1 1 1 1 0 1 1 0 0 1 0 1 1 0 1 1 1 0 0 0 1 1 1 1 0 0 0
30  1 0 1 1 0 1 1 1 1 1 1 0 1 1 1 1 1 1 1 1 1 1 1 1 0 1 1 0 1 1 0 1 1 1 1 1 1 1 0 1 1 0 0 1 0 1 1 0 1 1 1 0 0 0 1 1 1 1 0 0 0
0  0 0 1 1 0 0 0 0 0 0 0 0 0 0 0 0 0 0 0 0 0 0 0 0 0 0 0 0 0 0 1 0 0 0 0 0 0 0 0 0 0 0 0 0 1 0 0 0 0 0 0 0 0 0 0 1 1 0 0 0 0
1  1 0 1 1 0 0 0 0 0 0 0 0 0 0 0 1 1 1 0 1 1 0 1 1 0 1 1 0 0 0 0 0 0 0 1 0 0 1 0 0 0 0 0 0 1 0 0 0 0 0 0 0 0 0 0 1 1 0 0 0 0
2  1 0 1 1 0 0 0 0 0 0 0 0 1 0 1 1 1 1 1 1 1 1 1 1 0 1 1 0 1 0 0 0 0 0 1 0 0 1 0 0 0 0 0 0 1 0 0 0 0 0 0 0 0 0 0 1 1 0 0 0 0
3  1 0 1 1 0 0 0 0 0 0 0 0 1 1 1 1 1 1 1 1 1 1 1 1 0 1 1 0 1 1 0 1 0 0 1 0 0 1 0 0 0 0 0 0 1 0 0 0 0 0 0 0 0 0 0 1 1 0 0 0 0
4  1 0 1 1 0 0 0 0 1 0 0 0 1 1 1 1 1 1 1 1 1 1 1 1 0 1 1 0 1 1 0 1 1 0 1 0 0 1 0 0 0 0 0 0 1 0 0 0 0 0 0 0 0 0 0 1 1 0 0 0 0
5  1 0 1 1 0 0 0 0 1 1 0 0 1 1 1 1 1 1 1 1 1 1 1 1 0 1 1 0 1 1 0 1 1 0 1 0 0 1 0 0 0 0 0 0 0 0 0 0 0 0 0 0 0 0 0 1 1 0 0 0 0
6  1 0 1 1 0 1 1 1 1 1 1 0 1 1 1 1 1 1 1 1 1 1 1 1 0 1 1 0 1 1 0 1 1 1 1 0 0 1 0 0 0 0 0 1 0 1 1 0 0 0 0 0 0 0 1 1 1 0 0 0 0
7  1 0 1 1 0 1 1 1 1 1 1 0 1 1 1 1 1 1 1 1 1 1 1 1 0 1 1 0 1 1 0 1 1 1 1 1 1 1 0 0 0 0 0 1 0 1 1 0 0 0 0 0 0 0 1 1 1 1 0 0 0
8  1 0 1 1 0 1 1 1 1 1 1 0 1 1 1 1 1 1 1 1 1 1 1 1 0 1 1 0 1 1 0 1 1 1 1 1 1 1 0 1 1 0 0 1 0 1 1 0 1 0 0 0 0 0 1 1 1 1 0 0 0
9  1 0 1 1 0 1 1 1 1 1 1 0 1 1 1 1 1 1 1 1 1 1 1 1 0 1 1 0 1 1 0 1 1 1 1 1 1 1 0 1 1 0 0 1 0 1 1 0 1 1 1 0 0 0 1 1 1 1 0 0 0
10  1 0 1 1 0 1 1 1 1 1 1 0 1 1 1 1 1 1 1 1 1 1 1 1 0 1 1 0 1 1 0 1 1 1 1 1 1 1 0 1 1 0 0 1 0 1 1 0 1 1 1 0 0 0 1 1 1 1 0 0 0
11  1 0 1 1 0 1 1 1 1 1 1 0 1 1 1 1 1 1 1 1 1 1 1 1 0 1 1 0 1 1 0 1 1 1 1 1 1 1 0 1 1 0 0 1 0 1 1 0 1 1 1 0 0 0 1 1 1 1 0 0 0
12  1 0 1 1 0 1 1 1 1 1 1 0 1 1 1 1 1 1 1 1 1 1 1 1 0 1 1 0 1 1 0 1 1 1 1 1 1 1 0 1 1 0 0 1 0 1 1 0 1 1 1 0 0 0 1 1 1 1 0 0 0
13  1 0 1 1 0 1 1 1 1 1 1 0 1 1 1 1 1 1 1 1 1 1 1 1 0 1 1 0 1 1 0 1 1 1 1 1 1 1 0 1 1 0 0 1 0 1 1 0 1 1 1 0 0 0 1 1 1 1 0 0 0
14  1 0 1 1 0 1 1 1 1 1 1 0 1 1 1 1 1 1 1 1 1 1 1 1 0 1 1 0 1 1 0 1 1 1 1 1 1 1 0 1 1 0 0 1 0 1 1 0 1 1 1 0 0 0 1 1 1 1 0 0 0
15  1 0 1 1 0 1 1 1 1 1 1 0 1 1 1 1 1 1 1 1 1 1 1 1 0 1 1 0 1 1 0 1 1 1 1 1 1 1 0 1 1 0 0 1 0 1 1 0 1 1 1 0 0 0 1 1 1 1 0 0 0
16  1 0 1 1 0 1 1 1 1 1 1 0 1 1 1 1 1 1 1 1 1 1 1 1 0 1 1 0 1 1 0 1 1 1 1 1 1 1 0 1 1 0 0 1 0 1 1 0 1 1 1 0 0 0 1 1 1 1 0 0 0
17  1 0 1 1 0 1 1 1 1 1 1 0 1 1 1 1 1 1 1 1 1 1 1 1 0 1 1 0 1 1 0 1 1 1 1 1 1 1 0 1 1 0 0 1 0 1 1 0 1 1 1 0 0 0 1 1 1 1 0 0 0
18  1 0 1 1 0 1 1 1 1 1 1 0 1 1 1 1 1 1 1 1 1 1 1 1 0 1 1 0 1 1 0 1 1 1 1 1 1 1 0 1 1 0 0 1 0 1 1 0 1 1 1 0 0 0 1 1 1 1 0 0 0
19  1 0 1 1 0 1 1 1 1 1 1 0 1 1 1 1 1 1 1 1 1 1 1 1 0 1 1 0 1 1 0 1 1 1 1 1 1 1 0 1 1 0 0 1 0 1 1 0 1 1 1 0 0 0 1 1 1 1 0 0 0
20  1 0 1 1 0 1 1 1 1 1 1 0 1 1 1 1 1 1 1 1 1 1 1 1 0 1 1 0 1 1 0 1 1 1 1 1 1 1 0 1 1 0 0 1 0 1 1 0 1 1 1 0 0 0 1 1 1 1 0 0 0
21  1 0 1 1 0 1 1 1 1 1 1 0 1 1 1 1 1 1 1 1 1 1 1 1 0 1 1 0 1 1 0 1 1 1 1 1 1 1 0 1 1 0 0 1 0 1 1 0 1 1 1 0 0 0 1 1 1 1 0 0 0
22  1 0 1 1 0 1 1 1 1 1 1 0 1 1 1 1 1 1 1 1 1 1 1 1 0 1 1 0 1 1 0 1 1 1 1 1 1 1 0 1 1 0 0 1 0 1 1 0 1 1 1 0 0 0 1 1 1 1 0 0 0
23  1 0 1 1 0 1 1 1 1 1 1 0 1 1 1 1 1 1 1 1 1 1 1 1 0 1 1 0 1 1 0 1 1 1 1 1 1 1 0 1 1 0 0 1 0 1 1 0 1 1 1 0 0 0 1 1 1 1 0 0 0
24  1 0 1 1 0 1 1 1 1 1 1 0 1 1 1 1 1 1 1 1 1 1 1 1 0 1 1 0 1 1 0 1 1 1 1 1 1 1 0 1 1 0 0 1 0 1 1 0 1 1 1 0 0 0 1 1 1 1 0 0 0
25  1 0 1 1 0 1 1 1 1 1 1 0 1 1 1 1 1 1 1 1 1 1 1 1 0 1 1 0 1 1 0 1 1 1 1 1 1 1 0 1 1 0 0 1 0 1 1 0 1 1 1 0 0 0 1 1 1 1 0 0 0
26  1 0 1 1 0 1 1 1 1 1 1 0 1 1 1 1 1 1 1 1 1 1 1 1 0 1 1 0 1 1 0 1 1 1 1 1 1 1 0 1 1 0 0 1 0 1 1 0 1 1 1 0 0 0 1 1 1 1 0 0 0
27  1 0 1 1 0 1 1 1 1 1 1 0 1 1 1 1 1 1 1 1 1 1 1 1 0 1 1 0 1 1 0 1 1 1 1 1 1 1 0 1 1 0 0 1 0 1 1 0 1 1 1 0 0 0 1 1 1 1 0 0 0
28  1 0 1 1 0 1 1 1 1 1 1 0 1 1 1 1 1 1 1 1 1 1 1 1 0 1 1 0 1 1 0 1 1 1 1 1 1 1 0 1 1 0 0 1 0 1 1 0 1 1 1 0 0 0 1 1 1 1 0 0 0
29  1 0 1 1 0 1 1 1 1 1 1 0 1 1 1 1 1 1 1 1 1 1 1 1 0 1 1 0 1 1 0 1 1 1 1 1 1 1 0 1 1 0 0 1 0 1 1 0 1 1 1 0 0 0 1 1 1 1 0 0 0
30  1 0 1 1 0 1 1 1 1 1 1 0 1 1 1 1 1 1 1 1 1 1 1 1 0 1 1 0 1 1 0 1 1 1 1 1 1 1 0 1 1 0 0 1 0 1 1 0 1 1 1 0 0 0 1 1 1 1 0 0 0
0  0 0 1 1 0 0 0 0 0 0 0 0 0 0 0 0 0 0 0 0 0 0 0 0 0 0 0 0 0 0 1 0 0 0 0 0 0 0 0 0 0 0 0 0 1 0 0 0 0 0 0 0 0 0 0 1 1 0 0 0 0
1  1 0 1 1 0 0 0 0 0 0 0 0 0 0 0 1 1 0 1 1 1 1 1 1 0 1 0 0 1 0 0 0 0 0 0 0 0 0 0 0 0 0 0 0 1 0 0 0 0 0 0 0 0 0 0 1 1 0 0 0 0
2  1 0 1 1 0 0 0 0 0 0 0 0 0 1 1 1 1 1 1 1 1 1 1 1 0 1 1 0 1 1 0 0 0 0 1 0 0 0 0 0 0 0 0 0 1 0 0 0 0 0 0 0 0 0 0 1 1 0 0 0 0
3  1 0 1 1 0 0 0 0 1 1 1 0 1 1 1 1 1 1 1 1 1 1 1 1 0 1 1 0 1 1 0 1 1 0 1 0 0 1 0 0 0 0 0 0 1 0 0 0 0 0 0 0 0 0 0 1 1 0 0 0 0
4  1 0 1 1 0 0 0 1 1 1 1 0 1 1 1 1 1 1 1 1 1 1 1 1 0 1 1 0 1 1 0 1 1 0 1 0 0 1 0 0 0 0 0 0 0 0 0 0 0 0 0 0 0 0 0 1 1 0 0 0 0
5  1 0 1 1 0 1 1 1 1 1 1 0 1 1 1 1 1 1 1 1 1 1 1 1 0 1 1 0 1 1 0 1 1 0 1 0 0 1 0 0 0 0 0 1 0 0 0 0 0 0 0 0 0 0 1 1 1 0 0 0 0
6  1 0 1 1 0 1 1 1 1 1 1 0 1 1 1 1 1 1 1 1 1 1 1 1 0 1 1 0 1 1 0 1 1 1 1 1 1 1 0 1 0 0 0 1 0 1 0 0 1 1 0 0 0 0 1 1 1 1 0 0 0
7  1 0 1 1 0 1 1 1 1 1 1 0 1 1 1 1 1 1 1 1 1 1 1 1 0 1 1 0 1 1 0 1 1 1 1 1 1 1 0 1 1 0 0 1 0 1 1 0 1 1 1 0 0 0 1 1 1 1 0 0 0
8  1 0 1 1 0 1 1 1 1 1 1 0 1 1 1 1 1 1 1 1 1 1 1 1 0 1 1 0 1 1 0 1 1 1 1 1 1 1 0 1 1 0 0 1 0 1 1 0 1 1 1 0 0 0 1 1 1 1 0 0 0
9  1 0 1 1 0 1 1 1 1 1 1 0 1 1 1 1 1 1 1 1 1 1 1 1 0 1 1 0 1 1 0 1 1 1 1 1 1 1 0 1 1 0 0 1 0 1 1 0 1 1 1 0 0 0 1 1 1 1 0 0 0
10  1 0 1 1 0 1 1 1 1 1 1 0 1 1 1 1 1 1 1 1 1 1 1 1 0 1 1 0 1 1 0 1 1 1 1 1 1 1 0 1 1 0 0 1 0 1 1 0 1 1 1 0 0 0 1 1 1 1 0 0 0
11  1 0 1 1 0 1 1 1 1 1 1 0 1 1 1 1 1 1 1 1 1 1 1 1 0 1 1 0 1 1 0 1 1 1 1 1 1 1 0 1 1 0 0 1 0 1 1 0 1 1 1 0 0 0 1 1 1 1 0 0 0
12  1 0 1 1 0 1 1 1 1 1 1 0 1 1 1 1 1 1 1 1 1 1 1 1 0 1 1 0 1 1 0 1 1 1 1 1 1 1 0 1 1 0 0 1 0 1 1 0 1 1 1 0 0 0 1 1 1 1 0 0 0
13  1 0 1 1 0 1 1 1 1 1 1 0 1 1 1 1 1 1 1 1 1 1 1 1 0 1 1 0 1 1 0 1 1 1 1 1 1 1 0 1 1 0 0 1 0 1 1 0 1 1 1 0 0 0 1 1 1 1 0 0 0
14  1 0 1 1 0 1 1 1 1 1 1 0 1 1 1 1 1 1 1 1 1 1 1 1 0 1 1 0 1 1 0 1 1 1 1 1 1 1 0 1 1 0 0 1 0 1 1 0 1 1 1 0 0 0 1 1 1 1 0 0 0
15  1 0 1 1 0 1 1 1 1 1 1 0 1 1 1 1 1 1 1 1 1 1 1 1 0 1 1 0 1 1 0 1 1 1 1 1 1 1 0 1 1 0 0 1 0 1 1 0 1 1 1 0 0 0 1 1 1 1 0 0 0
16  1 0 1 1 0 1 1 1 1 1 1 0 1 1 1 1 1 1 1 1 1 1 1 1 0 1 1 0 1 1 0 1 1 1 1 1 1 1 0 1 1 0 0 1 0 1 1 0 1 1 1 0 0 0 1 1 1 1 0 0 0
17  1 0 1 1 0 1 1 1 1 1 1 0 1 1 1 1 1 1 1 1 1 1 1 1 0 1 1 0 1 1 0 1 1 1 1 1 1 1 0 1 1 0 0 1 0 1 1 0 1 1 1 0 0 0 1 1 1 1 0 0 0
18  1 0 1 1 0 1 1 1 1 1 1 0 1 1 1 1 1 1 1 1 1 1 1 1 0 1 1 0 1 1 0 1 1 1 1 1 1 1 0 1 1 0 0 1 0 1 1 0 1 1 1 0 0 0 1 1 1 1 0 0 0
19  1 0 1 1 0 1 1 1 1 1 1 0 1 1 1 1 1 1 1 1 1 1 1 1 0 1 1 0 1 1 0 1 1 1 1 1 1 1 0 1 1 0 0 1 0 1 1 0 1 1 1 0 0 0 1 1 1 1 0 0 0
20  1 0 1 1 0 1 1 1 1 1 1 0 1 1 1 1 1 1 1 1 1 1 1 1 0 1 1 0 1 1 0 1 1 1 1 1 1 1 0 1 1 0 0 1 0 1 1 0 1 1 1 0 0 0 1 1 1 1 0 0 0
21  1 0 1 1 0 1 1 1 1 1 1 0 1 1 1 1 1 1 1 1 1 1 1 1 0 1 1 0 1 1 0 1 1 1 1 1 1 1 0 1 1 0 0 1 0 1 1 0 1 1 1 0 0 0 1 1 1 1 0 0 0
22  1 0 1 1 0 1 1 1 1 1 1 0 1 1 1 1 1 1 1 1 1 1 1 1 0 1 1 0 1 1 0 1 1 1 1 1 1 1 0 1 1 0 0 1 0 1 1 0 1 1 1 0 0 0 1 1 1 1 0 0 0
23  1 0 1 1 0 1 1 1 1 1 1 0 1 1 1 1 1 1 1 1 1 1 1 1 0 1 1 0 1 1 0 1 1 1 1 1 1 1 0 1 1 0 0 1 0 1 1 0 1 1 1 0 0 0 1 1 1 1 0 0 0
24  1 0 1 1 0 1 1 1 1 1 1 0 1 1 1 1 1 1 1 1 1 1 1 1 0 1 1 0 1 1 0 1 1 1 1 1 1 1 0 1 1 0 0 1 0 1 1 0 1 1 1 0 0 0 1 1 1 1 0 0 0
25  1 0 1 1 0 1 1 1 1 1 1 0 1 1 1 1 1 1 1 1 1 1 1 1 0 1 1 0 1 1 0 1 1 1 1 1 1 1 0 1 1 0 0 1 0 1 1 0 1 1 1 0 0 0 1 1 1 1 0 0 0
26  1 0 1 1 0 1 1 1 1 1 1 0 1 1 1 1 1 1 1 1 1 1 1 1 0 1 1 0 1 1 0 1 1 1 1 1 1 1 0 1 1 0 0 1 0 1 1 0 1 1 1 0 0 0 1 1 1 1 0 0 0
27  1 0 1 1 0 1 1 1 1 1 1 0 1 1 1 1 1 1 1 1 1 1 1 1 0 1 1 0 1 1 0 1 1 1 1 1 1 1 0 1 1 0 0 1 0 1 1 0 1 1 1 0 0 0 1 1 1 1 0 0 0
28  1 0 1 1 0 1 1 1 1 1 1 0 1 1 1 1 1 1 1 1 1 1 1 1 0 1 1 0 1 1 0 1 1 1 1 1 1 1 0 1 1 0 0 1 0 1 1 0 1 1 1 0 0 0 1 1 1 1 0 0 0
29  1 0 1 1 0 1 1 1 1 1 1 0 1 1 1 1 1 1 1 1 1 1 1 1 0 1 1 0 1 1 0 1 1 1 1 1 1 1 0 1 1 0 0 1 0 1 1 0 1 1 1 0 0 0 1 1 1 1 0 0 0
30  1 0 1 1 0 1 1 1 1 1 1 0 1 1 1 1 1 1 1 1 1 1 1 1 0 1 1 0 1 1 0 1 1 1 1 1 1 1 0 1 1 0 0 1 0 1 1 0 1 1 1 0 0 0 1 1 1 1 0 0 0
